-0.0162296 -0.0132766
-0.0115026 -0.0090156
-0.0049646 -0.0088316
-0.0053396 -0.0114936
0.0234176 0.0137436
0.0113876 0.0129876
0.0061396 0.0123396
0.0127746 0.0119106
-0.0021926 -0.0117336
0.0000066 -0.0119526
0.0035616 0.0137966
-0.0101416 -0.0129096
0.0125976 0.0121236
-0.0055636 -0.0124636
-0.0042476 0.0143066
0.0095016 0.0129196
0.0004276 -0.0122936
0.0138866 0.0130226
0.0076906 0.0134936
-0.0045316 -0.0120666
0.0066086 0.0132196
0.0043116 0.0138076
-0.0083266 -0.0130626
0.0035636 0.0137656
0.0062616 0.0129156
-0.0029436 0.0134036
-0.0059846 -0.0103436
-0.0063996 -0.0124946
-0.0046136 -0.0134466
0.0133736 0.0138976
0.0086556 0.0138116
0.0077396 0.0147266
0.0104466 0.0134096
-0.0045886 -0.0143046
0.0143856 0.0140866
0.0060696 0.0169076
0.0110146 0.0140706
0.0072906 0.0144646
-0.0111276 -0.0137796
-0.0118586 -0.0131146
0.0232686 0.0138386
0.0019126 0.0141456
-0.0089396 -0.0142456
0.0066916 0.0113686
0.0047266 0.0158786
-0.0072156 -0.0149346
-0.0115436 -0.0109246
-0.0021746 -0.0141556
0.0101066 0.0148386
-0.0023366 -0.0153096
-0.0065436 -0.0155916
0.0088606 0.0152796
0.0132976 0.0156256
0.0135466 0.0167316
-0.0062276 -0.0169826
-0.0101986 -0.0174006
-0.0077886 -0.0156096
-0.0069006 -0.0171486
-0.0108876 -0.0155376
0.0088476 0.0170166
0.0164636 0.0186296
-0.0073076 -0.0172306
0.0080436 0.0180926
0.0104256 0.0182686
-0.0051666 -0.0189636
0.0094686 0.0191336
0.0041636 0.0184156
0.0106186 0.0185516
0.0403576 0.0191306
0.0041756 -0.0205326
0.0157036 0.0207336
0.0168956 0.0210096
-0.0121506 -0.0231206
0.0141236 0.0221086
0.0083096 -0.0206696
-0.0088456 -0.0233396
-0.0170826 -0.0231426
-0.0120966 -0.0247326
0.0171476 0.0252086
-0.0078846 -0.0243656
-0.0165066 -0.0279756
0.0105026 0.0256866
0.0116706 0.0262746
0.0154636 0.0272266
0.0235946 0.0273796
-0.0205846 -0.0262666
-0.0078436 -0.0279166
0.0258506 0.0269276
-0.0183646 -0.0277316
0.0188036 0.0302386
-0.0254026 -0.0324366
-0.0154816 -0.0325636
0.0264806 0.0360836
0.0162096 0.0347656
0.0359566 0.0402496
0.0347616 0.0373386
0.0262786 0.0377486
0.0330326 0.0458996
0.0389406 0.0488236
-0.0507756 -0.0809556
