-0.0162296 -0.0119066
-0.0115056 -0.0119696
-0.0049636 -0.0120956
-0.0053386 -0.0120986
0.0234186 0.0121536
0.0113846 0.0121656
0.0061376 0.0121716
0.0127726 0.0122116
-0.0021926 -0.0122556
0.0000066 -0.0123076
0.0035616 0.0123186
-0.0101416 -0.0123606
0.0125956 0.0125616
-0.0055646 -0.0126106
-0.0042466 0.0126236
0.0095036 0.0127506
0.0004276 -0.0127866
0.0138896 0.0128066
0.0076896 0.0128296
-0.0045306 -0.0128956
0.0066086 0.0129376
0.0043126 0.0130666
-0.0083276 -0.0130676
0.0035656 0.0131746
0.0062606 0.0131916
-0.0029466 0.0132156
-0.0059876 -0.0132376
-0.0064026 -0.0135396
-0.0046166 -0.0135596
0.0133706 0.0137276
0.0086546 0.0137396
0.0077386 0.0137416
0.0104476 0.0138316
-0.0045906 -0.0140186
0.0143856 0.0140386
0.0060676 0.0140756
0.0110156 0.0140996
0.0072896 0.0141556
-0.0111306 -0.0141616
-0.0118606 -0.0142046
0.0232666 0.0142266
0.0019126 0.0142436
-0.0089426 -0.0144176
0.0066916 0.0144436
0.0047256 0.0144456
-0.0072136 -0.0144996
-0.0115446 -0.0147476
-0.0021736 -0.0147636
0.0101056 0.0148106
-0.0023356 -0.0150556
-0.0065416 -0.0155916
0.0088626 0.0155956
0.0132996 0.0158656
0.0135476 0.0160576
-0.0062276 -0.0163686
-0.0101976 -0.0165926
-0.0077926 -0.0165926
-0.0068996 -0.0166256
-0.0108906 -0.0166696
0.0088506 0.0168836
0.0164626 0.0174156
-0.0073076 -0.0176426
0.0080406 0.0176506
0.0104256 0.0183886
-0.0051666 -0.0186526
0.0094696 0.0186536
0.0041606 0.0189036
0.0106196 0.0190506
0.0403556 0.0196046
0.0041786 -0.0199316
0.0157046 0.0201366
0.0168956 0.0203086
-0.0121506 -0.0207266
0.0141226 0.0217046
0.0083076 -0.0220166
-0.0088476 -0.0229636
-0.0170836 -0.0240166
-0.0120956 -0.0240536
0.0171456 0.0253366
-0.0078856 -0.0256806
-0.0165056 -0.0260686
0.0105036 0.0264266
0.0116686 0.0264356
0.0154636 0.0269766
0.0235976 0.0273246
-0.0205866 -0.0274156
-0.0078446 -0.0274946
0.0258516 0.0275076
-0.0183646 -0.0290626
0.0188026 0.0295446
-0.0254026 -0.0317696
-0.0154826 -0.0326636
0.0264806 0.0344716
0.0162086 0.0350106
0.0359566 0.0357616
0.0347586 0.0362126
0.0262766 0.0369196
0.0330346 0.0448056
0.0389406 0.0491916
-0.0507786 -0.0819536
