-0.0162296 0.0000226
-0.0115046 -0.0083116
-0.0049696 -0.0066186
-0.0053396 0.0015946
0.0234146 0.0094226
0.0113846 0.0019596
0.0061386 0.0019806
0.0127706 0.0074916
-0.0021926 0.0047096
0.0000076 -0.0060236
0.0035606 0.0010176
-0.0101426 -0.0039176
0.0125976 -0.0107286
-0.0055646 -0.0053666
-0.0042466 0.0039586
0.0095026 0.0059436
0.0004256 0.0018166
0.0138846 0.0039156
0.0076896 0.0024846
-0.0045346 -0.0084636
0.0066046 -0.0035266
0.0043126 0.0015606
-0.0083296 -0.0019126
0.0035626 0.0019296
0.0062596 0.0052216
-0.0029456 0.0102016
-0.0059866 0.0004236
-0.0064016 -0.0011266
-0.0046166 -0.0082356
0.0133706 0.0011966
0.0086546 0.0116746
0.0077346 0.0194516
0.0104436 0.0052756
-0.0045906 -0.0009956
0.0143846 0.0079496
0.0060666 -0.0038766
0.0110156 0.0016176
0.0072846 0.0052196
-0.0111296 -0.0033686
-0.0118606 0.0130556
0.0232666 -0.0133366
0.0019086 0.0019556
-0.0089406 -0.0060136
0.0066916 0.0037496
0.0047246 0.0025826
-0.0072156 -0.0084226
-0.0115446 -0.0119126
-0.0021746 -0.0125206
0.0101046 0.0047906
-0.0023376 -0.0044686
-0.0065446 -0.0041376
0.0088586 0.0091906
0.0132996 0.0046436
0.0135466 0.0041326
-0.0062296 -0.0031476
-0.0102016 -0.0007396
-0.0077946 -0.0114336
-0.0069026 -0.0011686
-0.0108906 0.0013416
0.0088486 0.0092016
0.0164596 0.0047796
-0.0073086 -0.0116406
0.0080396 0.0024686
0.0104226 0.0084456
-0.0051676 -0.0005706
0.0094676 0.0121246
0.0041626 0.0182116
0.0106166 0.0058876
0.0403546 0.0215076
0.0041746 0.0092136
0.0157056 0.0113836
0.0168936 0.0117906
-0.0121526 -0.0056476
0.0141226 0.0213336
0.0083076 -0.0150946
-0.0088486 -0.0033936
-0.0170876 -0.0038736
-0.0120976 -0.0068046
0.0171446 0.0189186
-0.0078866 0.0104096
-0.0165056 -0.0043176
0.0105006 0.0015656
0.0116686 0.0226596
0.0154616 0.0080806
0.0235946 -0.0000246
-0.0205876 -0.0220256
-0.0078456 -0.0101886
0.0258496 0.0130276
-0.0183646 -0.0110596
0.0188026 0.0174136
-0.0254036 -0.0083226
-0.0154856 -0.0141706
0.0264776 0.0028216
0.0162076 -0.0077766
0.0359556 0.0123446
0.0347596 0.0324186
0.0262776 0.0201796
0.0330316 0.0162636
0.0389406 0.0269676
-0.0507766 -0.0433846
