-0.0162286 0.0002076
-0.0115036 -0.0070726
-0.0049626 -0.0022986
-0.0053346 0.0009576
0.0234176 -0.0002606
0.0113846 -0.0015896
0.0061396 -0.0000806
0.0127736 0.0004036
-0.0021926 0.0014036
0.0000086 -0.0000806
0.0035636 0.0000996
-0.0101416 0.0000126
0.0126006 -0.0000326
-0.0055646 -0.0000856
-0.0042466 0.0007266
0.0095026 0.0003226
0.0004266 -0.0013556
0.0138886 0.0019326
0.0076906 0.0009896
-0.0045306 -0.0000016
0.0066076 -0.0000626
0.0043116 -0.0017916
-0.0083276 0.0000356
0.0035616 0.0005256
0.0062616 0.0009146
-0.0029446 -0.0003616
-0.0059856 -0.0013506
-0.0064046 0.0015676
-0.0046146 0.0001566
0.0133726 0.0009406
0.0086576 0.0008326
0.0077406 -0.0004316
0.0104466 0.0001256
-0.0045916 -0.0002046
0.0143836 0.0018456
0.0060636 -0.0064326
0.0110166 0.0000136
0.0072896 -0.0000056
-0.0111296 0.0000456
-0.0118586 -0.0005386
0.0232696 0.0003236
0.0019116 0.0008336
-0.0089416 -0.0001526
0.0066916 0.0012036
0.0047266 -0.0038816
-0.0072146 -0.0000936
-0.0115436 -0.0086706
-0.0021716 -0.0020666
0.0101056 -0.0000626
-0.0023386 -0.0002376
-0.0065406 0.0002646
0.0088616 -0.0004696
0.0132976 0.0013976
0.0135466 -0.0033516
-0.0062286 0.0003286
-0.0101996 -0.0008796
-0.0077926 0.0034516
-0.0069006 -0.0001546
-0.0108896 -0.0017456
0.0088486 0.0001826
0.0164626 -0.0012696
-0.0073096 -0.0001096
0.0080406 -0.0007396
0.0104246 0.0004056
-0.0051666 -0.0001976
0.0094706 0.0003036
0.0041626 -0.0003586
0.0106196 0.0011706
0.0403576 0.0016806
0.0041776 -0.0004226
0.0157076 -0.0004136
0.0168986 -0.0003046
-0.0121526 0.0020286
0.0141226 -0.0002136
0.0083096 0.0000156
-0.0088476 0.0012856
-0.0170836 -0.0023936
-0.0120946 -0.0001356
0.0171426 -0.0002736
-0.0078806 -0.0027836
-0.0165076 0.0021236
0.0105006 -0.0005116
0.0116666 0.0012116
0.0154636 -0.0016646
0.0235936 0.0015316
-0.0205856 0.0024216
-0.0078436 -0.0006086
0.0258536 0.0008426
-0.0183646 -0.0001536
0.0188016 0.0022076
-0.0254046 -0.0010386
-0.0154806 -0.0000496
0.0264806 -0.0027176
0.0162116 -0.0024756
0.0359556 -0.0041256
0.0347616 0.0002066
0.0262776 -0.0003266
0.0330326 -0.0001486
0.0389396 0.0014996
-0.0507776 -0.0033286
