0.0013026 -0.0041836
0.0052936 0.0041896
-0.0053926 -0.0042126
0.0020406 0.0042226
-0.0014796 -0.0042706
-0.0038396 -0.0042856
0.0024666 -0.0043056
0.0144686 0.0043116
0.0062476 0.0043326
0.0127246 0.0044126
0.0000176 -0.0044496
-0.0207866 -0.0044786
0.0130796 0.0045136
0.0117416 0.0045896
0.0035706 0.0047806
0.0030126 0.0048326
0.0083806 0.0049236
-0.0012466 -0.0049586
0.0001956 -0.0051516
-0.0068786 -0.0051766
0.0060216 0.0052456
0.0054986 0.0052966
0.0047756 0.0053036
0.0043526 0.0053076
0.0172226 0.0053426
0.0073836 0.0054026
0.0117816 0.0054256
-0.0002806 -0.0054716
0.0058776 0.0055156
-0.0021766 -0.0055186
0.0064196 0.0055576
-0.0019076 0.0056706
0.0043766 0.0056876
-0.0021376 0.0057616
0.0003226 -0.0057926
0.0077336 -0.0058696
-0.0008206 0.0058766
-0.0024366 -0.0059136
0.0076436 0.0059346
-0.0115096 -0.0059956
-0.0064746 0.0061046
0.0091536 0.0061106
-0.0070976 -0.0061236
-0.0266516 -0.0061446
0.0113766 0.0062706
0.0158526 0.0062876
0.0083086 0.0064086
-0.0037636 -0.0065476
0.0088646 0.0065816
-0.0015776 -0.0067546
-0.0025786 -0.0067916
-0.0049086 -0.0069386
-0.0050726 -0.0069636
-0.0166836 -0.0071706
0.0128466 0.0071966
0.0135756 0.0072636
-0.0080286 -0.0072806
-0.0006856 -0.0073566
0.0014386 -0.0074296
-0.0028426 -0.0074366
-0.0198386 -0.0075126
-0.0035346 -0.0075156
-0.0054666 -0.0075996
0.0129266 0.0076906
0.0121756 0.0078676
0.0092406 -0.0079296
-0.0069176 -0.0079636
0.0063356 -0.0080266
-0.0149996 -0.0080886
0.0258586 0.0083826
0.0202256 0.0088296
-0.0084686 -0.0089186
0.0033166 0.0089986
-0.0060836 -0.0093316
-0.0103656 -0.0098526
-0.0027976 -0.0099046
0.0212736 0.0099716
-0.0051486 -0.0100396
0.0104326 -0.0102356
0.0083936 0.0102556
-0.0304206 -0.0105926
0.0192196 0.0106096
0.0087996 0.0110626
0.0120756 0.0111796
-0.0160306 -0.0113506
0.0037906 -0.0114386
-0.0041196 -0.0117886
-0.0169206 -0.0118726
-0.0205086 -0.0120626
-0.0089576 -0.0122046
0.0450236 0.0139176
0.0056446 0.0142036
-0.0015096 -0.0142916
0.0093746 0.0143486
-0.0045576 -0.0150116
0.0214686 0.0156706
0.0017716 0.0174496
0.0104416 0.0180156
0.0087656 0.0268976
-0.0070986 -0.0301356
