-0.0010796 -0.0089536
-0.0008056 -0.0090486
-0.0045726 -0.0090616
0.0044166 0.0090626
-0.0074046 -0.0091746
0.0078236 0.0092256
0.0101586 0.0092446
-0.0042126 -0.0093326
0.0116756 0.0093606
0.0094026 0.0094476
0.0091766 0.0094556
-0.0101076 -0.0094796
0.0052176 -0.0094886
0.0117426 0.0096916
0.0032886 0.0097786
-0.0036506 -0.0098656
0.0097006 0.0098856
-0.0093636 -0.0099286
-0.0042196 -0.0099496
-0.0124346 -0.0099546
-0.0012916 -0.0099636
0.0030546 0.0099776
-0.0059936 -0.0100506
-0.0271156 -0.0100626
-0.0018026 -0.0101096
0.0147676 0.0101116
-0.0032166 -0.0101176
0.0070046 0.0101636
0.0078616 0.0102686
0.0006186 -0.0103516
0.0120636 0.0104576
0.0040766 0.0105336
0.0074826 0.0107396
-0.0071776 -0.0108826
-0.0078076 -0.0108846
0.0095626 0.0109326
0.0073456 0.0111456
0.0036606 0.0113416
-0.0010886 -0.0114276
0.0107806 0.0114296
0.0099146 0.0117626
0.0069696 0.0118946
-0.0007936 -0.0120036
-0.0021826 0.0120506
-0.0103506 -0.0122106
0.0145676 0.0122126
-0.0094606 -0.0124856
-0.0014326 -0.0125736
0.0178926 0.0126066
-0.0031876 -0.0127486
0.0089006 0.0129306
-0.0013216 -0.0129816
0.0034256 0.0130486
0.0071836 0.0132846
0.0128476 0.0133146
0.0012036 -0.0134796
-0.0070846 -0.0135896
0.0088426 0.0135956
0.0179196 0.0136106
0.0125466 0.0137506
0.0045376 -0.0139356
0.0195216 0.0140276
-0.0052596 -0.0140396
0.0134876 0.0141136
-0.0158316 -0.0142216
0.0119276 0.0143926
0.0111896 0.0147136
-0.0132276 -0.0150516
0.0117386 0.0152266
0.0106366 0.0152986
0.0026056 0.0153066
0.0097776 -0.0157606
0.0031756 0.0161846
-0.0200326 -0.0161926
0.0103466 0.0163586
0.0124826 0.0165696
-0.0084446 -0.0165946
-0.0049106 -0.0166486
0.0081646 0.0168366
-0.0072396 -0.0171746
-0.0092846 -0.0177436
0.0145616 0.0182756
-0.0135886 -0.0183136
-0.0145896 -0.0184946
-0.0167166 -0.0204986
0.0120586 0.0207696
-0.0136036 -0.0209286
-0.0097576 -0.0209876
0.0199906 0.0224536
0.0173956 0.0225566
-0.0298166 -0.0230336
-0.0146146 -0.0243696
0.0113066 0.0246536
-0.0068086 -0.0255606
0.0252226 0.0256876
-0.0073956 -0.0257816
0.0235356 0.0273296
-0.0124026 -0.0303356
0.0271406 0.0338886
0.0411376 0.0511706
