0.0025366 0.0013146
0.0001226 -0.0013536
-0.0055056 -0.0013606
-0.0014076 -0.0013686
0.0110136 -0.0013746
0.0031046 -0.0013796
0.0026586 0.0013886
0.0031676 -0.0014186
0.0423226 -0.0014196
0.0066826 0.0014306
0.0053866 -0.0014526
-0.0028616 -0.0014616
0.0036406 0.0014726
-0.0242286 -0.0014786
-0.0039506 -0.0014886
0.0047166 0.0014896
0.0010936 -0.0015036
0.0044166 0.0015116
0.0022976 -0.0015226
-0.0006176 -0.0015316
0.0095026 -0.0015386
-0.0168846 -0.0015396
0.0187906 -0.0015566
-0.0011686 -0.0015676
-0.0003276 -0.0015716
0.0034826 -0.0015876
-0.0006476 -0.0015916
0.0072256 0.0015926
0.0025886 -0.0015956
0.0010836 -0.0016006
0.0002626 -0.0016046
0.0064826 0.0016216
-0.0040676 -0.0016226
0.0019356 -0.0016286
-0.0036536 -0.0016286
0.0033086 -0.0016386
-0.0041596 -0.0016566
0.0190396 0.0016726
-0.0035516 -0.0016776
0.0115286 0.0017066
0.0059516 0.0017106
0.0035516 0.0017496
-0.0025526 -0.0017756
-0.0040926 -0.0018106
0.0048406 -0.0018306
0.0081316 -0.0018466
0.0087196 -0.0018466
0.0014956 -0.0018506
0.0141876 0.0018806
0.0038186 -0.0019476
-0.0067416 -0.0020046
-0.0007766 -0.0020196
0.0001446 0.0020206
-0.0322366 -0.0020866
0.0179826 0.0021106
-0.0092706 0.0021146
-0.0107206 -0.0021356
-0.0011476 -0.0021796
-0.0089926 -0.0022006
0.0033406 -0.0022136
-0.0198396 0.0023066
0.0035416 -0.0023286
0.0017386 -0.0023336
-0.0015656 -0.0023366
0.0064876 -0.0023806
0.0066036 0.0024576
0.0023006 -0.0025036
-0.0030746 0.0025186
-0.0035486 -0.0025536
0.0149876 0.0027496
0.0012666 -0.0027826
0.0059546 0.0028696
0.0031066 -0.0029236
0.0007416 0.0029736
-0.0022926 -0.0031096
0.0058846 -0.0031906
-0.0063216 0.0032376
-0.0027036 -0.0036136
0.0061676 0.0036686
0.0212946 0.0037116
-0.0074616 -0.0037946
-0.0071216 -0.0038396
0.0093556 -0.0039166
0.0033146 -0.0044206
-0.0048566 -0.0044866
-0.0055396 -0.0045896
-0.0140166 -0.0045896
-0.0014136 -0.0046016
-0.0084926 -0.0046996
0.0119776 0.0048016
-0.0012776 -0.0048866
-0.0123296 -0.0050166
0.0065946 -0.0054186
0.0074976 -0.0056096
0.0103666 0.0058586
-0.0090216 -0.0060086
-0.0021426 -0.0073406
0.0085176 0.0098956
-0.0107536 0.0109246
0.0187356 0.0178366
