0.0001116 -0.0055346
-0.0008496 -0.0055656
-0.0068396 0.0055766
0.0109896 0.0056306
0.0019806 0.0056486
0.0017956 0.0056496
0.0084046 0.0056876
0.0006816 -0.0057266
-0.0027926 -0.0058366
0.0013546 0.0058436
0.0026076 -0.0058916
-0.0004246 0.0059056
-0.0046556 -0.0059626
0.0110946 0.0060146
0.0035136 -0.0060866
0.0069236 0.0061256
0.0121006 0.0062236
-0.0028676 -0.0062326
-0.0090476 -0.0063166
0.0047116 0.0063466
-0.0009016 -0.0063566
0.0080616 0.0063566
-0.0059926 -0.0064736
-0.0013186 0.0065056
0.0079286 0.0066956
0.0112946 0.0067236
0.0015616 0.0067296
0.0031396 -0.0068856
0.0107506 0.0069416
0.0035106 -0.0069686
0.0026596 0.0071196
0.0037966 0.0072286
-0.0080476 -0.0072956
-0.0195556 -0.0073406
0.0046326 0.0073856
0.0180706 0.0074736
-0.0050426 -0.0074746
-0.0009826 -0.0075516
-0.0025026 0.0075996
0.0017446 0.0077176
-0.0050996 -0.0077206
0.0222586 0.0077336
0.0071406 0.0077416
-0.0099846 -0.0079426
0.0011466 0.0079526
-0.0029716 -0.0082546
-0.0076376 -0.0082636
0.0022646 -0.0082696
-0.0042716 -0.0084306
0.0016986 -0.0085406
0.0060216 0.0085666
0.0053576 0.0086776
-0.0054086 -0.0086846
0.0033876 0.0087186
0.0146736 0.0087306
0.0061596 -0.0087846
-0.0029236 -0.0088036
0.0056596 0.0088476
0.0117026 0.0089616
0.0147846 0.0089696
-0.0090976 0.0090476
0.0272736 0.0094246
-0.0077136 -0.0094456
0.0151116 0.0094676
0.0160906 0.0097886
-0.0089366 -0.0098756
0.0015246 0.0101896
0.0023966 -0.0103316
-0.0026986 -0.0105546
0.0072996 -0.0106186
0.0113636 0.0106256
-0.0036166 -0.0106436
0.0063136 0.0108476
-0.0110106 -0.0109196
0.0027946 0.0112466
0.0080206 0.0115316
0.0014706 0.0116996
0.0018336 -0.0117336
0.0140426 0.0119476
-0.0161586 -0.0122296
-0.0121996 -0.0123666
-0.0002966 0.0124816
0.0057506 0.0130476
0.0009486 0.0130696
-0.0203606 -0.0131936
0.0115576 0.0135376
-0.0042416 -0.0135576
-0.0060866 -0.0141706
0.0073196 0.0144926
0.0012496 -0.0145356
0.0014846 -0.0149166
-0.0223436 -0.0156306
0.0155426 0.0161986
0.0205076 0.0162506
-0.0123516 -0.0179466
0.0122346 0.0199076
0.0194566 0.0209206
0.0224926 0.0230526
0.0087676 -0.0257096
0.0411426 0.0310916
