0.0006906 -0.0076756
0.0161216 0.0077496
-0.0045736 -0.0078096
-0.0064946 -0.0078366
0.0063496 0.0079936
-0.0003656 -0.0080126
-0.0032956 -0.0080936
0.0119066 0.0081336
0.0017986 -0.0081406
0.0003006 -0.0081686
-0.0001166 -0.0081746
-0.0048896 -0.0082016
0.0058146 0.0082576
-0.0004056 0.0082826
-0.0002616 0.0083316
0.0075926 0.0084796
0.0042916 0.0085446
0.0104096 0.0085556
0.0080246 0.0086466
-0.0082346 -0.0086906
-0.0052506 -0.0087146
0.0104586 0.0088066
0.0039116 0.0088276
-0.0051336 -0.0088276
-0.0064866 -0.0088776
-0.0064806 -0.0089576
-0.0003546 -0.0089616
0.0051396 0.0089656
0.0076186 0.0090226
-0.0040626 -0.0091486
-0.0029626 -0.0092816
0.0038466 0.0092846
-0.0209406 -0.0093006
0.0055076 0.0093606
-0.0062406 -0.0093796
-0.0002756 -0.0094226
0.0111066 0.0094446
-0.0067706 -0.0095016
0.0178856 0.0095356
0.0028066 0.0095446
-0.0133466 -0.0097276
-0.0021256 -0.0097536
-0.0014576 -0.0098736
0.0073486 0.0099626
-0.0028396 -0.0100366
0.0010916 -0.0101606
0.0125096 0.0102436
-0.0018626 -0.0102776
-0.0100576 -0.0102906
0.0049766 -0.0103016
0.0068776 0.0105516
0.0099276 0.0106886
-0.0061266 -0.0108606
0.0025386 -0.0112796
0.0162806 0.0114946
0.0226546 0.0116826
0.0066856 0.0119216
0.0136556 0.0122046
-0.0002276 -0.0125226
0.0013806 -0.0125406
0.0153636 0.0125496
-0.0020456 -0.0125526
-0.0048236 -0.0125626
-0.0058226 -0.0125846
0.0161466 0.0126076
-0.0072576 -0.0126286
0.0043206 0.0127786
0.0159786 0.0129106
0.0066136 0.0129326
0.0178636 0.0131986
0.0059326 0.0133976
0.0195576 0.0138806
0.0031766 0.0139696
-0.0110546 -0.0141686
-0.0253186 -0.0149586
0.0090796 0.0151246
-0.0199516 -0.0152656
0.0158126 -0.0154326
0.0139296 0.0157316
0.0255756 0.0159726
0.0067196 0.0165556
-0.0069986 -0.0169706
0.0088286 0.0171696
0.0193366 0.0179676
-0.0167176 -0.0191046
-0.0121046 -0.0195536
-0.0136016 -0.0199296
0.0107186 0.0200616
-0.0136846 -0.0201336
-0.0321736 -0.0207636
0.0153016 0.0211016
-0.0100146 -0.0216256
-0.0106416 -0.0220886
0.0210066 0.0226546
-0.0143016 -0.0229916
0.0214696 0.0233266
-0.0167976 -0.0243866
-0.0071266 -0.0285786
-0.0107536 -0.0300306
0.0411366 0.0464266
